2,1,0,0.000
2,1,31,179.850
2,1,32,189.031
2,1,33,198.200
2,1,34,207.368
2,1,35,216.537
2,1,36,225.724
2,1,37,234.929
2,1,38,244.135
2,1,39,253.340
2,1,40,262.545
2,1,41,271.750
2,1,42,280.956
2,1,43,290.161
2,1,44,299.366
2,1,45,308.571
2,1,46,317.777
2,1,47,326.982
2,1,48,336.187
2,1,49,345.392
2,1,50,354.598
2,1,51,363.803
2,1,52,373.008
2,1,53,382.213
2,1,54,391.419
2,1,55,400.624
2,1,56,409.829
2,1,57,419.034
2,1,58,428.240
2,1,59,437.445
2,1,60,446.650
2,1,61,455.856
2,1,62,465.061
2,1,63,474.266
2,1,64,483.471
2,1,65,492.677
2,1,66,501.882
2,1,67,511.087
2,1,68,520.292
2,1,69,529.498
2,1,70,538.703
2,1,71,547.908
2,1,72,557.113
2,1,73,566.319
2,1,74,575.524
2,1,75,584.729
2,1,76,593.934
2,1,77,603.140
2,1,78,612.345
2,1,79,621.550
2,1,80,630.756
2,1,81,639.961
2,1,82,649.166
2,1,83,658.371
2,1,84,667.577
2,1,85,676.782
2,1,86,685.987
2,1,87,695.192
2,1,88,704.398
2,1,89,713.603
2,1,90,722.808
2,1,91,732.013
2,1,92,741.219
2,1,93,750.424
2,1,94,759.629
2,1,95,768.834
2,1,96,778.040
2,1,97,787.245
2,1,98,796.450
2,1,99,805.656
2,1,100,814.840
2,1,101,824.008
2,1,102,833.177
2,1,103,842.345
2,1,104,851.514
2,1,105,860.682
2,1,106,869.851
2,1,107,879.019
2,1,108,888.187
2,1,109,897.356
2,1,110,906.524
2,1,111,915.693
2,1,112,924.861
2,1,113,934.030
2,1,114,943.198
2,1,115,952.367
2,1,116,961.535
2,1,117,970.704
2,1,118,979.872
2,1,119,989.041
2,1,120,998.209
2,1,121,1007.377
2,1,122,1016.546
2,1,123,1025.714
2,1,124,1034.883
2,1,125,1044.051
2,1,126,1053.220
2,1,127,1062.388
2,1,128,1071.557
2,1,129,1080.725
2,1,130,1089.894
2,1,131,1099.062
2,1,132,1108.231
2,1,133,1117.399
2,1,134,1126.567
2,1,135,1135.736
2,1,136,1144.904
2,1,137,1154.073
2,1,138,1163.241
2,1,139,1172.410
2,1,140,1181.578
2,1,141,1190.747
2,1,142,1199.915
2,1,143,1209.084
2,1,144,1218.252
2,1,145,1227.421
2,1,146,1236.589
2,2,147,1245.761
2,2,148,1254.934
2,2,149,1264.108
2,2,150,1273.282
2,2,151,1282.456
2,2,152,1291.629
2,2,153,1300.803
2,2,154,1309.977
2,2,155,1319.151
2,2,156,1328.324
2,2,157,1337.498
2,2,158,1346.672
2,2,159,1355.845
2,2,160,1365.019
2,2,161,1374.193
2,2,162,1383.367
2,2,163,1392.540
2,2,164,1401.714
2,2,165,1410.888
2,2,166,1420.062
2,2,167,1429.235
2,2,168,1438.409
2,2,169,1447.583
2,2,170,1456.757
2,2,171,1465.930
2,2,172,1475.104
2,2,173,1484.278
2,2,174,1493.452
2,2,175,1502.625
2,2,176,1511.799
2,2,177,1520.973
2,2,178,1530.146
2,2,179,1539.320
2,2,180,1548.494
2,2,181,1557.668
2,2,182,1566.841
2,2,183,1576.015
2,2,184,1585.189
2,2,185,1594.363
2,2,186,1603.536
2,2,187,1612.710
2,2,188,1621.884
2,2,189,1631.058
2,2,190,1640.231
2,2,191,1649.405
2,2,192,1658.579
2,2,193,1667.752
2,2,194,1676.926
2,2,195,1686.100
2,2,196,1695.274
2,2,197,1704.447
2,2,198,1713.621
2,2,199,1722.795
2,2,200,1731.969
2,2,201,1741.142
2,2,202,1750.316
2,2,203,1759.490
2,2,204,1768.664
2,2,205,1777.837
2,2,206,1787.011
2,2,207,1796.185
2,2,208,1805.359
2,2,209,1814.532
2,2,210,1823.706
2,2,211,1832.880
2,2,212,1842.053
2,2,213,1851.227
2,2,214,1860.401
2,2,215,1869.575
2,2,216,1878.748
2,2,217,1887.922
2,2,218,1897.096
2,2,219,1906.270
2,2,220,1915.443
2,2,221,1924.617
2,2,222,1933.791
2,2,223,1942.965
2,2,224,1952.138
2,2,225,1961.312
2,2,226,1970.486
2,2,227,1979.659
2,2,228,1988.833
2,2,229,1998.007
2,2,230,2007.181
2,2,231,2016.354
2,2,232,2025.528
2,2,233,2034.702
2,2,234,2043.876
2,2,235,2053.049
2,2,236,2062.223
2,2,237,2071.397
2,2,238,2080.571
2,2,239,2089.744
2,2,240,2098.918
2,2,241,2108.092
2,2,242,2117.266
2,2,243,2126.439
2,2,244,2135.613
2,2,245,2144.787
2,2,246,2153.960
2,2,247,2163.134
2,2,248,2172.308
2,2,249,2181.482
2,2,250,2190.655
2,2,251,2199.829
2,2,252,2209.003
2,2,253,2218.177
2,2,254,2227.350
2,2,255,2236.524
2,2,256,2245.698
2,2,257,2254.872
2,2,258,2264.045
2,2,259,2273.219
2,2,260,2282.393
2,2,261,2291.566
2,2,262,2300.740
2,2,263,2309.914
2,2,264,2319.088
2,2,265,2328.261
2,2,266,2337.435
2,2,267,2346.609
2,2,268,2355.783
2,2,269,2364.956
2,2,270,2374.130
2,2,271,2383.304
2,2,272,2392.478
2,2,273,2401.651
2,2,274,2410.825
2,2,275,2419.999
2,2,276,2429.173
2,2,277,2438.346
2,2,278,2447.520
2,2,279,2456.694
2,2,280,2465.867
2,2,281,2475.041
2,2,282,2484.215
2,2,283,2493.389
2,2,284,2502.562
2,2,285,2511.736
2,2,286,2520.910
2,2,287,2530.084
2,2,288,2539.257
2,2,289,2548.431
2,2,290,2557.605
2,2,291,2566.779
2,2,292,2575.952
2,2,293,2585.126
2,2,294,2594.300
2,2,295,2603.473
2,3,296,2612.650
2,3,297,2621.829
2,3,298,2631.008
2,3,299,2640.187
2,3,300,2649.366
2,3,301,2658.545
2,3,302,2667.724
2,3,303,2676.903
2,3,304,2686.082
2,3,305,2695.261
2,3,306,2704.441
2,3,307,2713.620
2,3,308,2722.799
2,3,309,2731.978
2,3,310,2741.157
2,3,311,2750.336
2,3,312,2759.515
2,3,313,2768.694
2,3,314,2777.873
2,3,315,2787.052
2,3,316,2796.231
2,3,317,2805.410
2,3,318,2814.589
2,3,319,2823.768
2,3,320,2832.947
2,3,321,2842.126
2,3,322,2851.306
2,3,323,2860.485
2,3,324,2869.664
2,3,325,2878.843
2,3,326,2888.022
2,3,327,2897.201
2,3,328,2906.380
2,3,329,2915.559
2,3,330,2924.738
2,3,331,2933.917
2,3,332,2943.096
2,3,333,2952.275
2,3,334,2961.454
2,3,335,2970.633
2,3,336,2979.812
2,3,337,2988.991
2,3,338,2998.171
2,3,339,3007.350
2,3,340,3016.529
2,3,341,3025.708
2,3,342,3034.887
2,3,343,3044.066
2,3,344,3053.245
2,3,345,3062.424
2,3,346,3071.603
2,3,347,3080.782
2,3,348,3089.961
2,3,349,3099.140
2,3,350,3108.319
2,3,351,3117.498
2,3,352,3126.677
2,3,353,3135.856
2,3,354,3145.035
2,3,355,3154.215
2,3,356,3163.394
2,3,357,3172.573
2,3,358,3181.752
2,3,359,3190.931
2,3,360,3200.110
2,3,361,3209.289
2,3,362,3218.468
2,3,363,3227.647
2,3,364,3236.826
2,3,365,3246.005
2,3,366,3255.184
2,3,367,3264.363
2,3,368,3273.542
2,3,369,3282.721
2,3,370,3291.900
2,3,371,3301.080
2,3,372,3310.259
2,3,373,3319.438
2,3,374,3328.617
2,3,375,3337.796
2,3,376,3346.975
2,3,377,3356.154
2,3,378,3365.333
2,3,379,3374.512
2,3,380,3383.691
2,3,381,3392.870
2,3,382,3402.049
2,3,383,3411.228
2,3,384,3420.407
2,3,385,3429.586
2,3,386,3438.765
2,3,387,3447.945
2,3,388,3457.124
2,3,389,3466.303
2,3,390,3475.482
2,3,391,3484.661
2,3,392,3493.840
2,3,393,3503.019
2,3,394,3512.198
2,3,395,3521.377
2,3,396,3530.556
2,3,397,3539.735
2,3,398,3548.914
2,3,399,3558.093
2,3,400,3567.272
2,3,401,3576.451
2,3,402,3585.630
2,3,403,3594.810
2,3,404,3603.989
2,3,405,3613.168
2,3,406,3622.347
2,3,407,3631.526
2,3,408,3640.705
2,3,409,3649.884
2,3,410,3659.063
2,3,411,3668.242
2,3,412,3677.421
2,3,413,3686.600
2,3,414,3695.779
2,3,415,3704.958
2,3,416,3714.137
2,3,417,3723.316
2,3,418,3732.495
2,3,419,3741.675
2,3,420,3750.854
2,3,421,3760.033
2,3,422,3769.212
2,3,423,3778.391
2,3,424,3787.570
2,3,425,3796.749
2,3,426,3805.928
2,3,427,3815.107
2,3,428,3824.286
2,3,429,3833.465
2,3,430,3842.644
2,3,431,3851.823
2,3,432,3861.002
2,3,433,3870.181
2,3,434,3879.360
2,3,435,3888.540
2,3,436,3897.719
2,3,437,3906.898
2,3,438,3916.077
2,3,439,3925.256
2,3,440,3934.435
2,3,441,3943.614
2,3,442,3952.793
2,3,443,3961.972
2,3,444,3971.151
2,3,445,3980.330
2,4,446,3989.515
2,4,447,3998.700
2,4,448,4007.885
2,4,449,4017.070
2,4,450,4026.255
2,4,451,4035.439
2,4,452,4044.624
2,4,453,4053.809
2,4,454,4062.994
2,4,455,4072.179
2,4,456,4081.364
2,4,457,4090.549
2,4,458,4099.733
2,4,459,4108.918
2,4,460,4118.103
2,4,461,4127.288
2,4,462,4136.473
2,4,463,4145.658
2,4,464,4154.843
2,4,465,4164.028
2,4,466,4173.212
2,4,467,4182.397
2,4,468,4191.582
2,4,469,4200.767
2,4,470,4209.952
2,4,471,4219.137
2,4,472,4228.322
2,4,473,4237.506
2,4,474,4246.691
2,4,475,4255.876
2,4,476,4265.061
2,4,477,4274.246
2,4,478,4283.431
2,4,479,4292.616
2,4,480,4301.801
2,4,481,4310.985
2,4,482,4320.170
2,4,483,4329.355
2,4,484,4338.540
2,4,485,4347.725
2,4,486,4356.910
2,4,487,4366.095
2,4,488,4375.280
2,4,489,4384.464
2,4,490,4393.649
2,4,491,4402.834
2,4,492,4412.019
2,4,493,4421.204
2,4,494,4430.389
2,4,495,4439.574
2,4,496,4448.758
2,4,497,4457.943
2,4,498,4467.128
2,4,499,4476.313
2,4,500,4485.498
2,4,501,4494.683
2,4,502,4503.868
2,4,503,4513.053
2,4,504,4522.237
2,4,505,4531.422
2,4,506,4540.607
2,4,507,4549.792
2,4,508,4558.977
2,4,509,4568.162
2,4,510,4577.347
2,4,511,4586.532
2,4,512,4595.716
2,4,513,4604.901
2,4,514,4614.086
2,4,515,4623.271
2,4,516,4632.456
2,4,517,4641.641
2,4,518,4650.826
2,4,519,4660.010
2,4,520,4669.195
2,4,521,4678.380
2,4,522,4687.565
2,4,523,4696.750
2,4,524,4705.935
2,4,525,4715.120
2,4,526,4724.305
2,4,527,4733.489
2,4,528,4742.674
2,4,529,4751.859
2,4,530,4761.044
2,4,531,4770.229
2,4,532,4779.414
2,4,533,4788.599
2,4,534,4797.784
2,4,535,4806.968
2,4,536,4816.153
2,4,537,4825.338
2,4,538,4834.523
2,4,539,4843.708
2,4,540,4852.893
2,4,541,4862.078
2,4,542,4871.262
2,4,543,4880.447
2,4,544,4889.632
2,4,545,4898.817
2,4,546,4908.002
2,4,547,4917.187
2,4,548,4926.372
2,4,549,4935.557
2,4,550,4944.741
2,4,551,4953.926
2,4,552,4963.111
2,4,553,4972.296
2,4,554,4981.481
2,4,555,4990.666
2,4,556,4999.851
2,4,557,5009.036
2,4,558,5018.220
2,4,559,5027.405
2,4,560,5036.590
2,4,561,5045.775
2,4,562,5054.960
2,4,563,5064.145
2,4,564,5073.330
2,4,565,5082.514
2,4,566,5091.699
2,4,567,5100.884
2,4,568,5110.069
2,4,569,5119.254
2,4,570,5128.439
2,4,571,5137.624
2,4,572,5146.809
2,4,573,5155.993
2,4,574,5165.178
2,4,575,5174.363
2,4,576,5183.548
2,4,577,5192.733
2,4,578,5201.918
2,4,579,5211.103
2,4,580,5220.288
2,4,581,5229.472
2,4,582,5238.657
2,4,583,5247.842
2,4,584,5257.027
2,4,585,5266.212
2,4,586,5275.397
2,4,587,5284.582
2,4,588,5293.766
2,4,589,5302.951
2,4,590,5312.136
2,4,591,5321.321
2,4,592,5330.506
2,4,593,5339.691
2,5,594,5348.876
2,5,595,5358.062
2,5,596,5367.248
2,5,597,5376.434
2,5,598,5385.620
2,5,599,5394.805
2,5,600,5403.991
2,5,601,5413.177
2,5,602,5422.363
2,5,603,5431.549
2,5,604,5440.735
2,5,605,5449.921
2,5,606,5459.107
2,5,607,5468.293
2,5,608,5477.479
2,5,609,5486.665
2,5,610,5495.851
2,5,611,5505.037
2,5,612,5514.223
2,5,613,5523.409
2,5,614,5532.595
2,5,615,5541.780
2,5,616,5550.966
2,5,617,5560.152
2,5,618,5569.338
2,5,619,5578.524
2,5,620,5587.710
2,5,621,5596.896
2,5,622,5606.082
2,5,623,5615.268
2,5,624,5624.454
2,5,625,5633.640
2,5,626,5642.826
2,5,627,5652.012
2,5,628,5661.198
2,5,629,5670.384
2,5,630,5679.570
2,5,631,5688.755
2,5,632,5697.941
2,5,633,5707.127
2,5,634,5716.313
2,5,635,5725.499
2,5,636,5734.685
2,5,637,5743.871
2,5,638,5753.057
2,5,639,5762.243
2,5,640,5771.429
2,5,641,5780.615
2,5,642,5789.801
2,5,643,5798.987
2,5,644,5808.173
2,5,645,5817.359
2,5,646,5826.545
2,5,647,5835.731
2,5,648,5844.916
2,5,649,5854.102
2,5,650,5863.288
2,5,651,5872.474
2,5,652,5881.660
2,5,653,5890.846
2,5,654,5900.032
2,5,655,5909.218
2,5,656,5918.404
2,5,657,5927.590
2,5,658,5936.776
2,5,659,5945.962
2,5,660,5955.148
2,5,661,5964.334
2,5,662,5973.520
2,5,663,5982.706
2,5,664,5991.891
2,5,665,6001.077
2,5,666,6010.263
2,5,667,6019.449
2,5,668,6028.635
2,5,669,6037.821
2,5,670,6047.007
2,5,671,6056.193
2,5,672,6065.379
2,5,673,6074.565
2,5,674,6083.751
2,5,675,6092.937
2,5,676,6102.123
2,5,677,6111.309
2,5,678,6120.495
2,5,679,6129.681
2,5,680,6138.866
2,5,681,6148.052
2,5,682,6157.238
2,5,683,6166.424
2,5,684,6175.610
2,5,685,6184.796
2,5,686,6193.982
2,5,687,6203.168
2,5,688,6212.354
2,5,689,6221.540
2,5,690,6230.726
2,5,691,6239.912
2,5,692,6249.098
2,5,693,6258.284
2,5,694,6267.470
2,5,695,6276.656
2,5,696,6285.841
2,5,697,6295.027
2,5,698,6304.213
2,5,699,6313.399
2,5,700,6322.585
2,5,701,6331.771
2,5,702,6340.957
2,5,703,6350.143
2,5,704,6359.329
2,5,705,6368.515
2,5,706,6377.701
2,5,707,6386.887
2,5,708,6396.073
2,5,709,6405.259
2,5,710,6414.445
2,5,711,6423.631
2,5,712,6432.816
2,5,713,6442.002
2,5,714,6451.188
2,5,715,6460.374
2,5,716,6469.560
2,5,717,6478.746
2,5,718,6487.932
2,5,719,6497.118
2,5,720,6506.304
2,5,721,6515.490
2,5,722,6524.676
2,5,723,6533.862
2,5,724,6543.048
2,5,725,6552.234
2,5,726,6561.420
2,5,727,6570.606
2,5,728,6579.792
2,5,729,6588.977
2,5,730,6598.163
2,5,731,6607.349
2,5,732,6616.535
2,5,733,6625.721
2,5,734,6634.907
2,5,735,6644.093
2,5,736,6653.279
2,5,737,6662.465
2,5,738,6671.651
2,5,739,6680.837
2,5,740,6690.023
2,5,741,6699.209
2,5,742,6708.395
2,6,743,6717.580
2,6,744,6726.765
2,6,745,6735.950
2,6,746,6745.135
2,6,747,6754.320
2,6,748,6763.505
2,6,749,6772.690
2,6,750,6781.874
2,6,751,6791.059
2,6,752,6800.244
2,6,753,6809.429
2,6,754,6818.614
2,6,755,6827.799
2,6,756,6836.984
2,6,757,6846.169
2,6,758,6855.354
2,6,759,6864.539
2,6,760,6873.724
2,6,761,6882.909
2,6,762,6892.094
2,6,763,6901.279
2,6,764,6910.464
2,6,765,6919.649
2,6,766,6928.834
2,6,767,6938.019
2,6,768,6947.204
2,6,769,6956.389
2,6,770,6965.574
2,6,771,6974.759
2,6,772,6983.944
2,6,773,6993.129
2,6,774,7002.313
2,6,775,7011.498
2,6,776,7020.683
2,6,777,7029.868
2,6,778,7039.053
2,6,779,7048.238
2,6,780,7057.423
2,6,781,7066.608
2,6,782,7075.793
2,6,783,7084.978
2,6,784,7094.163
2,6,785,7103.348
2,6,786,7112.533
2,6,787,7121.718
2,6,788,7130.903
2,6,789,7140.088
2,6,790,7149.273
2,6,791,7158.458
2,6,792,7167.643
2,6,793,7176.828
2,6,794,7186.013
2,6,795,7195.198
2,6,796,7204.383
2,6,797,7213.567
2,6,798,7222.752
2,6,799,7231.937
2,6,800,7241.122
2,6,801,7250.307
2,6,802,7259.492
2,6,803,7268.677
2,6,804,7277.862
2,6,805,7287.047
2,6,806,7296.232
2,6,807,7305.417
2,6,808,7314.602
2,6,809,7323.787
2,6,810,7332.972
2,6,811,7342.157
2,6,812,7351.342
2,6,813,7360.527
2,6,814,7369.712
2,6,815,7378.897
2,6,816,7388.082
2,6,817,7397.267
2,6,818,7406.452
2,6,819,7415.637
2,6,820,7424.822
2,6,821,7434.006
2,6,822,7443.191
2,6,823,7452.376
2,6,824,7461.561
2,6,825,7470.746
2,6,826,7479.931
2,6,827,7489.116
2,6,828,7498.301
2,6,829,7507.486
2,6,830,7516.671
2,6,831,7525.856
2,6,832,7535.041
2,6,833,7544.226
2,6,834,7553.411
2,6,835,7562.596
2,6,836,7571.781
2,6,837,7580.966
2,6,838,7590.151
2,6,839,7599.336
2,6,840,7608.521
2,6,841,7617.706
2,6,842,7626.891
2,6,843,7636.076
2,6,844,7645.260
2,6,845,7654.445
2,6,846,7663.630
2,6,847,7672.815
2,6,848,7682.000
2,6,849,7691.185
2,6,850,7700.370
2,6,851,7709.555
2,6,852,7718.740
2,6,853,7727.925
2,6,854,7737.110
2,6,855,7746.295
2,6,856,7755.480
2,6,857,7764.665
2,6,858,7773.850
2,6,859,7783.035
2,6,860,7792.220
2,6,861,7801.405
2,6,862,7810.590
2,6,863,7819.775
2,6,864,7828.960
2,6,865,7838.145
2,6,866,7847.330
2,6,867,7856.515
2,6,868,7865.699
2,6,869,7874.884
2,6,870,7884.069
2,6,871,7893.254
2,6,872,7902.439
2,6,873,7911.624
2,6,874,7920.809
2,6,875,7929.994
2,6,876,7939.179
2,6,877,7948.364
2,6,878,7957.549
2,6,879,7966.734
2,6,880,7975.919
2,6,881,7985.104
2,6,882,7994.289
2,6,883,8003.474
2,6,884,8012.659
2,6,885,8021.844
2,6,886,8031.029
2,6,887,8040.214
2,6,888,8049.399
2,6,889,8058.584
2,6,890,8067.769
2,6,891,8076.953
2,7,892,8086.141
2,7,893,8095.329
2,7,894,8104.518
2,7,895,8113.706
2,7,896,8122.894
2,7,897,8132.082
2,7,898,8141.271
2,7,899,8150.459
2,7,900,8159.647
2,7,901,8168.835
2,7,902,8178.024
2,7,903,8187.212
2,7,904,8196.400
2,7,905,8205.588
2,7,906,8214.777
2,7,907,8223.965
2,7,908,8233.153
2,7,909,8242.341
2,7,910,8251.530
2,7,911,8260.718
2,7,912,8269.906
2,7,913,8279.094
2,7,914,8288.283
2,7,915,8297.471
2,7,916,8306.659
2,7,917,8315.847
2,7,918,8325.036
2,7,919,8334.224
2,7,920,8343.412
2,7,921,8352.601
2,7,922,8361.789
2,7,923,8370.977
2,7,924,8380.165
2,7,925,8389.354
2,7,926,8398.542
2,7,927,8407.730
2,7,928,8416.918
2,7,929,8426.107
2,7,930,8435.295
2,7,931,8444.483
2,7,932,8453.671
2,7,933,8462.860
2,7,934,8472.048
2,7,935,8481.236
2,7,936,8490.424
2,7,937,8499.613
2,7,938,8508.801
2,7,939,8517.989
2,7,940,8527.177
2,7,941,8536.366
2,7,942,8545.554
2,7,943,8554.742
2,7,944,8563.930
2,7,945,8573.119
2,7,946,8582.307
2,7,947,8591.495
2,7,948,8600.683
2,7,949,8609.872
2,7,950,8619.060
2,7,951,8628.248
2,7,952,8637.436
2,7,953,8646.625
2,7,954,8655.813
2,7,955,8665.001
2,7,956,8674.189
2,7,957,8683.378
2,7,958,8692.566
2,7,959,8701.754
2,7,960,8710.942
2,7,961,8720.131
2,7,962,8729.319
2,7,963,8738.507
2,7,964,8747.696
2,7,965,8756.884
2,7,966,8766.072
2,7,967,8775.260
2,7,968,8784.449
2,7,969,8793.637
2,7,970,8802.825
2,7,971,8812.013
2,7,972,8821.202
2,7,973,8830.390
2,7,974,8839.578
2,7,975,8848.766
2,7,976,8857.955
2,7,977,8867.143
2,7,978,8876.331
2,7,979,8885.519
2,7,980,8894.708
2,7,981,8903.896
2,7,982,8913.084
2,7,983,8922.272
2,7,984,8931.461
2,7,985,8940.649
2,7,986,8949.837
2,7,987,8959.025
2,7,988,8968.214
2,7,989,8977.402
2,7,990,8986.590
2,7,991,8995.778
2,7,992,9004.967
2,7,993,9014.155
2,7,994,9023.343
2,7,995,9032.531
2,7,996,9041.720
2,7,997,9050.908
2,7,998,9060.096
2,7,999,9069.284
2,7,1000,9078.473
2,7,1001,9087.661
2,7,1002,9096.849
2,7,1003,9106.037
2,7,1004,9115.226
2,7,1005,9124.414
2,7,1006,9133.602
2,7,1007,9142.791
2,7,1008,9151.979
2,7,1009,9161.167
2,7,1010,9170.355
2,7,1011,9179.544
2,7,1012,9188.732
2,7,1013,9197.920
2,7,1014,9207.108
2,7,1015,9216.297
2,7,1016,9225.485
2,7,1017,9234.673
2,7,1018,9243.861
2,7,1019,9253.050
2,7,1020,9262.238
2,7,1021,9271.426
2,7,1022,9280.614
2,7,1023,9289.803
2,7,1024,9298.991
2,7,1025,9308.179
2,7,1026,9317.367
2,7,1027,9326.556
2,7,1028,9335.744
2,7,1029,9344.932
2,7,1030,9354.120
2,7,1031,9363.309
2,7,1032,9372.497
2,7,1033,9381.685
2,7,1034,9390.873
2,7,1035,9400.062
2,7,1036,9409.250
2,7,1037,9418.438
2,7,1038,9427.626
2,7,1039,9436.815
2,7,1040,9446.003
2,8,1041,9455.193
2,8,1042,9464.383
2,8,1043,9473.574
2,8,1044,9482.764
2,8,1045,9491.955
2,8,1046,9501.145
2,8,1047,9510.336
2,8,1048,9519.526
2,8,1049,9528.717
2,8,1050,9537.907
2,8,1051,9547.098
2,8,1052,9556.288
2,8,1053,9565.479
2,8,1054,9574.670
2,8,1055,9583.860
2,8,1056,9593.051
2,8,1057,9602.241
2,8,1058,9611.432
2,8,1059,9620.622
2,8,1060,9629.813
2,8,1061,9639.003
2,8,1062,9648.194
2,8,1063,9657.384
2,8,1064,9666.575
2,8,1065,9675.765
2,8,1066,9684.956
2,8,1067,9694.146
2,8,1068,9703.337
2,8,1069,9712.528
2,8,1070,9721.718
2,8,1071,9730.909
2,8,1072,9740.099
2,8,1073,9749.290
2,8,1074,9758.480
2,8,1075,9767.671
2,8,1076,9776.861
2,8,1077,9786.052
2,8,1078,9795.242
2,8,1079,9804.433
2,8,1080,9813.623
2,8,1081,9822.814
2,8,1082,9832.004
2,8,1083,9841.195
2,8,1084,9850.386
2,8,1085,9859.576
2,8,1086,9868.767
2,8,1087,9877.957
2,8,1088,9887.148
2,8,1089,9896.338
2,8,1090,9905.529
2,8,1091,9914.719
2,8,1092,9923.910
2,8,1093,9933.100
2,8,1094,9942.291
2,8,1095,9951.481
2,8,1096,9960.672
2,8,1097,9969.862
2,8,1098,9979.053
2,8,1099,9988.243
2,8,1100,9997.434
2,8,1101,10006.625
2,8,1102,10015.815
2,8,1103,10025.006
2,8,1104,10034.196
2,8,1105,10043.387
2,8,1106,10052.577
2,8,1107,10061.768
2,8,1108,10070.958
2,8,1109,10080.149
2,8,1110,10089.339
2,8,1111,10098.530
2,8,1112,10107.720
2,8,1113,10116.911
2,8,1114,10126.101
2,8,1115,10135.292
2,8,1116,10144.483
2,8,1117,10153.673
2,8,1118,10162.864
2,8,1119,10172.054
2,8,1120,10181.245
2,8,1121,10190.435
2,8,1122,10199.626
2,8,1123,10208.816
2,8,1124,10218.007
2,8,1125,10227.197
2,8,1126,10236.388
2,8,1127,10245.578
2,8,1128,10254.769
2,8,1129,10263.959
2,8,1130,10273.150
2,8,1131,10282.341
2,8,1132,10291.531
2,8,1133,10300.722
2,8,1134,10309.912
2,8,1135,10319.103
2,8,1136,10328.293
2,8,1137,10337.484
2,8,1138,10346.674
2,8,1139,10355.865
2,8,1140,10365.055
2,8,1141,10374.246
2,8,1142,10383.436
2,8,1143,10392.627
2,8,1144,10401.817
2,8,1145,10411.008
2,8,1146,10420.199
2,8,1147,10429.389
2,8,1148,10438.580
2,8,1149,10447.770
2,8,1150,10456.961
2,8,1151,10466.151
2,8,1152,10475.342
2,8,1153,10484.532
2,8,1154,10493.723
2,8,1155,10502.913
2,8,1156,10512.104
2,8,1157,10521.294
2,8,1158,10530.485
2,8,1159,10539.675
2,8,1160,10548.866
2,8,1161,10558.057
2,8,1162,10567.247
2,8,1163,10576.438
2,8,1164,10585.628
2,8,1165,10594.819
2,8,1166,10604.009
2,8,1167,10613.200
2,8,1168,10622.390
2,8,1169,10631.581
2,8,1170,10640.771
2,8,1171,10649.962
2,8,1172,10659.152
2,8,1173,10668.343
2,8,1174,10677.533
2,8,1175,10686.724
2,8,1176,10695.915
2,8,1177,10705.105
2,8,1178,10714.296
2,8,1179,10723.486
2,8,1180,10732.677
2,8,1181,10741.867
2,8,1182,10751.058
2,8,1183,10760.248
2,8,1184,10769.439
2,8,1185,10778.629
2,8,1186,10787.820
2,8,1187,10797.010
2,8,1188,10806.201
2,8,1189,10815.391
