12,1,0,0.000
12,1,22,139.564
12,1,23,148.785
12,1,24,157.996
12,1,25,167.208
12,1,26,176.419
12,1,27,185.631
12,1,28,194.842
12,1,29,204.054
12,1,30,213.265
12,1,31,222.477
12,1,32,231.689
12,1,33,240.902
12,1,34,250.116
12,1,35,259.329
12,1,36,268.542
12,1,37,277.755
12,1,38,286.969
12,1,39,296.182
12,1,40,305.395
12,1,41,314.608
12,1,42,323.822
12,1,43,333.035
12,1,44,342.248
12,1,45,351.461
12,1,46,360.674
12,1,47,369.888
12,1,48,379.101
12,1,49,388.314
12,1,50,397.527
12,1,51,406.741
12,1,52,415.954
12,1,53,425.167
12,1,54,434.380
12,1,55,443.594
12,1,56,452.807
12,1,57,462.020
12,1,58,471.233
12,1,59,480.447
12,1,60,489.660
12,1,61,498.873
12,1,62,508.086
12,1,63,517.300
12,1,64,526.513
12,1,65,535.726
12,1,66,544.939
12,1,67,554.153
12,1,68,563.366
12,1,69,572.579
12,1,70,581.792
12,1,71,591.006
12,1,72,600.219
12,1,73,609.432
12,1,74,618.645
12,1,75,627.859
12,1,76,637.072
12,1,77,646.285
12,1,78,655.498
12,1,79,664.712
12,1,80,673.925
12,1,81,683.138
12,1,82,692.351
12,1,83,701.556
12,1,84,710.742
12,1,85,719.927
12,1,86,729.113
12,1,87,738.298
12,1,88,747.484
12,1,89,756.669
12,1,90,765.854
12,1,91,775.040
12,1,92,784.224
12,1,93,793.408
12,1,94,802.591
12,1,95,811.775
12,1,96,820.959
12,1,97,830.142
12,1,98,839.326
12,1,99,848.510
12,1,100,857.694
12,1,101,866.877
12,1,102,876.061
12,1,103,885.245
12,1,104,894.428
12,1,105,903.612
12,1,106,912.796
12,1,107,921.979
12,1,108,931.163
12,1,109,940.347
12,1,110,949.530
12,1,111,958.714
12,1,112,967.898
12,1,113,977.081
12,1,114,986.265
12,1,115,995.449
12,1,116,1004.632
12,1,117,1013.816
12,1,118,1023.000
12,1,119,1032.183
12,1,120,1041.367
12,1,121,1050.551
12,1,122,1059.735
12,1,123,1068.918
12,1,124,1078.102
12,1,125,1087.286
12,1,126,1096.469
12,1,127,1105.653
12,1,128,1114.837
12,1,129,1124.020
12,1,130,1133.204
12,1,131,1142.388
12,1,132,1151.571
12,1,133,1160.755
12,1,134,1169.939
12,1,135,1179.122
12,1,136,1188.306
12,1,137,1197.490
12,1,138,1206.673
12,1,139,1215.857
12,1,140,1225.041
12,1,141,1234.224
12,1,142,1243.408
12,1,143,1252.592
12,1,144,1261.775
12,1,145,1270.959
12,1,146,1280.143
12,1,147,1289.327
12,1,148,1298.510
12,2,149,1307.695
12,2,150,1316.881
12,2,151,1326.067
12,2,152,1335.252
12,2,153,1344.438
12,2,154,1353.624
12,2,155,1362.809
12,2,156,1371.995
12,2,157,1381.181
12,2,158,1390.367
12,2,159,1399.552
12,2,160,1408.738
12,2,161,1417.924
12,2,162,1427.109
12,2,163,1436.295
12,2,164,1445.481
12,2,165,1454.667
12,2,166,1463.852
12,2,167,1473.038
12,2,168,1482.224
12,2,169,1491.410
12,2,170,1500.595
12,2,171,1509.781
12,2,172,1518.967
12,2,173,1528.152
12,2,174,1537.338
12,2,175,1546.524
12,2,176,1555.710
12,2,177,1564.895
12,2,178,1574.081
12,2,179,1583.267
12,2,180,1592.452
12,2,181,1601.638
12,2,182,1610.824
12,2,183,1620.010
12,2,184,1629.195
12,2,185,1638.381
12,2,186,1647.567
12,2,187,1656.753
12,2,188,1665.938
12,2,189,1675.124
12,2,190,1684.310
12,2,191,1693.495
12,2,192,1702.681
12,2,193,1711.867
12,2,194,1721.053
12,2,195,1730.238
12,2,196,1739.424
12,2,197,1748.610
12,2,198,1757.795
12,2,199,1766.981
12,2,200,1776.167
12,2,201,1785.353
12,2,202,1794.538
12,2,203,1803.724
12,2,204,1812.910
12,2,205,1822.095
12,2,206,1831.281
12,2,207,1840.467
12,2,208,1849.653
12,2,209,1858.838
12,2,210,1868.024
12,2,211,1877.210
12,2,212,1886.396
12,2,213,1895.581
12,2,214,1904.767
12,2,215,1913.953
12,2,216,1923.138
12,2,217,1932.324
12,2,218,1941.510
12,2,219,1950.696
12,2,220,1959.881
12,2,221,1969.067
12,2,222,1978.253
12,2,223,1987.438
12,2,224,1996.624
12,2,225,2005.810
12,2,226,2014.996
12,2,227,2024.181
12,2,228,2033.367
12,2,229,2042.553
12,2,230,2051.739
12,2,231,2060.924
12,2,232,2070.110
12,2,233,2079.296
12,2,234,2088.481
12,2,235,2097.667
12,2,236,2106.853
12,2,237,2116.039
12,2,238,2125.224
12,2,239,2134.410
12,2,240,2143.596
12,2,241,2152.781
12,2,242,2161.967
12,2,243,2171.153
12,2,244,2180.339
12,2,245,2189.524
12,2,246,2198.710
12,2,247,2207.896
12,2,248,2217.082
12,2,249,2226.267
12,2,250,2235.453
12,2,251,2244.639
12,2,252,2253.824
12,2,253,2263.010
12,2,254,2272.196
12,2,255,2281.382
12,2,256,2290.567
12,2,257,2299.753
12,2,258,2308.939
12,2,259,2318.124
12,2,260,2327.310
12,2,261,2336.496
12,2,262,2345.682
12,2,263,2354.867
12,2,264,2364.053
12,2,265,2373.239
12,2,266,2382.424
12,2,267,2391.610
12,2,268,2400.796
12,2,269,2409.982
12,2,270,2419.167
12,2,271,2428.353
12,2,272,2437.539
12,2,273,2446.725
12,2,274,2455.910
12,2,275,2465.096
12,2,276,2474.282
12,2,277,2483.467
12,2,278,2492.653
12,2,279,2501.839
12,2,280,2511.025
12,2,281,2520.210
12,2,282,2529.396
12,2,283,2538.582
12,2,284,2547.767
12,2,285,2556.953
12,2,286,2566.139
12,2,287,2575.325
12,2,288,2584.510
12,2,289,2593.696
12,2,290,2602.882
12,2,291,2612.068
12,2,292,2621.253
12,2,293,2630.439
12,2,294,2639.625
12,2,295,2648.810
12,2,296,2657.996
12,2,297,2667.182
12,3,298,2676.370
12,3,299,2685.559
12,3,300,2694.748
12,3,301,2703.937
12,3,302,2713.126
12,3,303,2722.315
12,3,304,2731.504
12,3,305,2740.693
12,3,306,2749.882
12,3,307,2759.071
12,3,308,2768.260
12,3,309,2777.449
12,3,310,2786.638
12,3,311,2795.827
12,3,312,2805.016
12,3,313,2814.205
12,3,314,2823.394
12,3,315,2832.583
12,3,316,2841.772
12,3,317,2850.961
12,3,318,2860.150
12,3,319,2869.339
12,3,320,2878.528
12,3,321,2887.717
12,3,322,2896.906
12,3,323,2906.095
12,3,324,2915.284
12,3,325,2924.473
12,3,326,2933.662
12,3,327,2942.851
12,3,328,2952.040
12,3,329,2961.229
12,3,330,2970.418
12,3,331,2979.607
12,3,332,2988.796
12,3,333,2997.986
12,3,334,3007.175
12,3,335,3016.365
12,3,336,3025.555
12,3,337,3034.745
12,3,338,3043.934
12,3,339,3053.124
12,3,340,3062.314
12,3,341,3071.504
12,3,342,3080.693
12,3,343,3089.883
12,3,344,3099.073
12,3,345,3108.263
12,3,346,3117.452
12,3,347,3126.642
12,3,348,3135.832
12,3,349,3145.022
12,3,350,3154.211
12,3,351,3163.401
12,3,352,3172.591
12,3,353,3181.781
12,3,354,3190.970
12,3,355,3200.160
12,3,356,3209.350
12,3,357,3218.540
12,3,358,3227.729
12,3,359,3236.919
12,3,360,3246.109
12,3,361,3255.299
12,3,362,3264.488
12,3,363,3273.678
12,3,364,3282.868
12,3,365,3292.058
12,3,366,3301.247
12,3,367,3310.437
12,3,368,3319.627
12,3,369,3328.817
12,3,370,3338.007
12,3,371,3347.196
12,3,372,3356.386
12,3,373,3365.576
12,3,374,3374.766
12,3,375,3383.955
12,3,376,3393.145
12,3,377,3402.335
12,3,378,3411.525
12,3,379,3420.714
12,3,380,3429.904
12,3,381,3439.094
12,3,382,3448.284
12,3,383,3457.473
12,3,384,3466.663
12,3,385,3475.853
12,3,386,3485.042
12,3,387,3494.231
12,3,388,3503.420
12,3,389,3512.609
12,3,390,3521.798
12,3,391,3530.987
12,3,392,3540.176
12,3,393,3549.365
12,3,394,3558.554
12,3,395,3567.743
12,3,396,3576.932
12,3,397,3586.121
12,3,398,3595.310
12,3,399,3604.499
12,3,400,3613.688
12,3,401,3622.877
12,3,402,3632.066
12,3,403,3641.255
12,3,404,3650.444
12,3,405,3659.633
12,3,406,3668.822
12,3,407,3678.011
12,3,408,3687.200
12,3,409,3696.389
12,3,410,3705.578
12,3,411,3714.767
12,3,412,3723.956
12,3,413,3733.145
12,3,414,3742.334
12,3,415,3751.523
12,3,416,3760.712
12,3,417,3769.901
12,3,418,3779.090
12,3,419,3788.279
12,3,420,3797.468
12,3,421,3806.657
12,3,422,3815.846
12,3,423,3825.035
12,3,424,3834.224
12,3,425,3843.413
12,3,426,3852.602
12,3,427,3861.791
12,3,428,3870.980
12,3,429,3880.169
12,3,430,3889.358
12,3,431,3898.547
12,3,432,3907.736
12,3,433,3916.925
12,3,434,3926.114
12,3,435,3935.303
12,3,436,3944.492
12,3,437,3953.681
12,3,438,3962.870
12,3,439,3972.059
12,3,440,3981.248
12,3,441,3990.437
12,3,442,3999.626
12,3,443,4008.815
12,3,444,4018.004
12,3,445,4027.193
12,3,446,4036.382
12,4,447,4045.574
12,4,448,4054.765
12,4,449,4063.957
12,4,450,4073.149
12,4,451,4082.341
12,4,452,4091.532
12,4,453,4100.724
12,4,454,4109.916
12,4,455,4119.107
12,4,456,4128.299
12,4,457,4137.491
12,4,458,4146.683
12,4,459,4155.874
12,4,460,4165.066
12,4,461,4174.258
12,4,462,4183.450
12,4,463,4192.641
12,4,464,4201.833
12,4,465,4211.025
12,4,466,4220.217
12,4,467,4229.408
12,4,468,4238.600
12,4,469,4247.792
12,4,470,4256.983
12,4,471,4266.175
12,4,472,4275.367
12,4,473,4284.559
12,4,474,4293.750
12,4,475,4302.942
12,4,476,4312.134
12,4,477,4321.326
12,4,478,4330.517
12,4,479,4339.709
12,4,480,4348.901
12,4,481,4358.093
12,4,482,4367.284
12,4,483,4376.476
12,4,484,4385.668
12,4,485,4394.860
12,4,486,4404.051
12,4,487,4413.243
12,4,488,4422.435
12,4,489,4431.626
12,4,490,4440.818
12,4,491,4450.010
12,4,492,4459.202
12,4,493,4468.393
12,4,494,4477.585
12,4,495,4486.777
12,4,496,4495.969
12,4,497,4505.160
12,4,498,4514.352
12,4,499,4523.544
12,4,500,4532.736
12,4,501,4541.927
12,4,502,4551.119
12,4,503,4560.311
12,4,504,4569.503
12,4,505,4578.694
12,4,506,4587.886
12,4,507,4597.078
12,4,508,4606.269
12,4,509,4615.461
12,4,510,4624.653
12,4,511,4633.845
12,4,512,4643.036
12,4,513,4652.228
12,4,514,4661.420
12,4,515,4670.612
12,4,516,4679.803
12,4,517,4688.995
12,4,518,4698.187
12,4,519,4707.379
12,4,520,4716.570
12,4,521,4725.762
12,4,522,4734.954
12,4,523,4744.145
12,4,524,4753.337
12,4,525,4762.529
12,4,526,4771.721
12,4,527,4780.912
12,4,528,4790.104
12,4,529,4799.296
12,4,530,4808.488
12,4,531,4817.679
12,4,532,4826.871
12,4,533,4836.063
12,4,534,4845.255
12,4,535,4854.446
12,4,536,4863.638
12,4,537,4872.830
12,4,538,4882.022
12,4,539,4891.213
12,4,540,4900.405
12,4,541,4909.597
12,4,542,4918.788
12,4,543,4927.980
12,4,544,4937.172
12,4,545,4946.364
12,4,546,4955.555
12,4,547,4964.747
12,4,548,4973.939
12,4,549,4983.131
12,4,550,4992.322
12,4,551,5001.514
12,4,552,5010.706
12,4,553,5019.898
12,4,554,5029.089
12,4,555,5038.281
12,4,556,5047.473
12,4,557,5056.665
12,4,558,5065.856
12,4,559,5075.048
12,4,560,5084.240
12,4,561,5093.431
12,4,562,5102.623
12,4,563,5111.815
12,4,564,5121.007
12,4,565,5130.198
12,4,566,5139.390
12,4,567,5148.582
12,4,568,5157.774
12,4,569,5166.965
12,4,570,5176.157
12,4,571,5185.349
12,4,572,5194.541
12,4,573,5203.732
12,4,574,5212.924
12,4,575,5222.116
12,4,576,5231.307
12,4,577,5240.499
12,4,578,5249.691
12,4,579,5258.883
12,4,580,5268.074
12,4,581,5277.266
12,4,582,5286.458
12,4,583,5295.650
12,4,584,5304.841
12,4,585,5314.033
12,4,586,5323.225
12,4,587,5332.417
12,4,588,5341.608
12,4,589,5350.800
12,4,590,5359.992
12,4,591,5369.184
12,4,592,5378.375
12,4,593,5387.567
12,4,594,5396.759
12,4,595,5405.950
12,5,596,5415.143
12,5,597,5424.336
12,5,598,5433.529
12,5,599,5442.722
12,5,600,5451.915
12,5,601,5461.108
12,5,602,5470.301
12,5,603,5479.494
12,5,604,5488.687
12,5,605,5497.880
12,5,606,5507.073
12,5,607,5516.266
12,5,608,5525.459
12,5,609,5534.652
12,5,610,5543.845
12,5,611,5553.038
12,5,612,5562.231
12,5,613,5571.424
12,5,614,5580.617
12,5,615,5589.810
12,5,616,5599.003
12,5,617,5608.196
12,5,618,5617.389
12,5,619,5626.582
12,5,620,5635.775
12,5,621,5644.968
12,5,622,5654.161
12,5,623,5663.354
12,5,624,5672.547
12,5,625,5681.740
12,5,626,5690.933
12,5,627,5700.126
12,5,628,5709.319
12,5,629,5718.512
12,5,630,5727.705
12,5,631,5736.898
12,5,632,5746.091
12,5,633,5755.284
12,5,634,5764.477
12,5,635,5773.670
12,5,636,5782.863
12,5,637,5792.056
12,5,638,5801.249
12,5,639,5810.442
12,5,640,5819.635
12,5,641,5828.828
12,5,642,5838.021
12,5,643,5847.214
12,5,644,5856.407
12,5,645,5865.600
12,5,646,5874.793
12,5,647,5883.986
12,5,648,5893.179
12,5,649,5902.372
12,5,650,5911.565
12,5,651,5920.758
12,5,652,5929.951
12,5,653,5939.144
12,5,654,5948.337
12,5,655,5957.530
12,5,656,5966.723
12,5,657,5975.916
12,5,658,5985.109
12,5,659,5994.302
12,5,660,6003.495
12,5,661,6012.688
12,5,662,6021.881
12,5,663,6031.074
12,5,664,6040.267
12,5,665,6049.460
12,5,666,6058.653
12,5,667,6067.846
12,5,668,6077.039
12,5,669,6086.232
12,5,670,6095.425
12,5,671,6104.618
12,5,672,6113.811
12,5,673,6123.004
12,5,674,6132.197
12,5,675,6141.390
12,5,676,6150.583
12,5,677,6159.776
12,5,678,6168.969
12,5,679,6178.162
12,5,680,6187.355
12,5,681,6196.548
12,5,682,6205.741
12,5,683,6214.934
12,5,684,6224.127
12,5,685,6233.320
12,5,686,6242.513
12,5,687,6251.706
12,5,688,6260.899
12,5,689,6270.092
12,5,690,6279.285
12,5,691,6288.478
12,5,692,6297.671
12,5,693,6306.863
12,5,694,6316.056
12,5,695,6325.249
12,5,696,6334.442
12,5,697,6343.635
12,5,698,6352.828
12,5,699,6362.021
12,5,700,6371.214
12,5,701,6380.407
12,5,702,6389.600
12,5,703,6398.793
12,5,704,6407.986
12,5,705,6417.179
12,5,706,6426.372
12,5,707,6435.565
12,5,708,6444.758
12,5,709,6453.951
12,5,710,6463.144
12,5,711,6472.337
12,5,712,6481.530
12,5,713,6490.723
12,5,714,6499.916
12,5,715,6509.109
12,5,716,6518.302
12,5,717,6527.495
12,5,718,6536.688
12,5,719,6545.881
12,5,720,6555.074
12,5,721,6564.267
12,5,722,6573.460
12,5,723,6582.653
12,5,724,6591.846
12,5,725,6601.039
12,5,726,6610.232
12,5,727,6619.425
12,5,728,6628.618
12,5,729,6637.811
12,5,730,6647.004
12,5,731,6656.197
12,5,732,6665.390
12,5,733,6674.583
12,5,734,6683.776
12,5,735,6692.969
12,5,736,6702.162
12,5,737,6711.355
12,5,738,6720.548
12,5,739,6729.741
12,5,740,6738.934
12,5,741,6748.127
12,5,742,6757.320
12,5,743,6766.513
12,5,744,6775.706
12,6,745,6784.899
12,6,746,6794.091
12,6,747,6803.283
12,6,748,6812.475
12,6,749,6821.667
12,6,750,6830.859
12,6,751,6840.051
12,6,752,6849.243
12,6,753,6858.435
12,6,754,6867.627
12,6,755,6876.819
12,6,756,6886.011
12,6,757,6895.203
12,6,758,6904.395
12,6,759,6913.587
12,6,760,6922.779
12,6,761,6931.971
12,6,762,6941.163
12,6,763,6950.355
12,6,764,6959.547
12,6,765,6968.739
12,6,766,6977.931
12,6,767,6987.123
12,6,768,6996.315
12,6,769,7005.507
12,6,770,7014.699
12,6,771,7023.891
12,6,772,7033.083
12,6,773,7042.275
12,6,774,7051.467
12,6,775,7060.659
12,6,776,7069.851
12,6,777,7079.043
12,6,778,7088.235
12,6,779,7097.427
12,6,780,7106.619
12,6,781,7115.811
12,6,782,7125.003
12,6,783,7134.195
12,6,784,7143.387
12,6,785,7152.579
12,6,786,7161.771
12,6,787,7170.963
12,6,788,7180.156
12,6,789,7189.348
12,6,790,7198.540
12,6,791,7207.732
12,6,792,7216.924
12,6,793,7226.116
12,6,794,7235.308
12,6,795,7244.500
12,6,796,7253.692
12,6,797,7262.884
12,6,798,7272.076
12,6,799,7281.268
12,6,800,7290.460
12,6,801,7299.652
12,6,802,7308.844
12,6,803,7318.036
12,6,804,7327.228
12,6,805,7336.420
12,6,806,7345.612
12,6,807,7354.804
12,6,808,7363.996
12,6,809,7373.188
12,6,810,7382.380
12,6,811,7391.572
12,6,812,7400.764
12,6,813,7409.956
12,6,814,7419.148
12,6,815,7428.340
12,6,816,7437.532
12,6,817,7446.724
12,6,818,7455.916
12,6,819,7465.108
12,6,820,7474.300
12,6,821,7483.492
12,6,822,7492.684
12,6,823,7501.876
12,6,824,7511.068
12,6,825,7520.260
12,6,826,7529.452
12,6,827,7538.644
12,6,828,7547.836
12,6,829,7557.028
12,6,830,7566.220
12,6,831,7575.412
12,6,832,7584.605
12,6,833,7593.797
12,6,834,7602.989
12,6,835,7612.181
12,6,836,7621.373
12,6,837,7630.565
12,6,838,7639.757
12,6,839,7648.949
12,6,840,7658.141
12,6,841,7667.333
12,6,842,7676.525
12,6,843,7685.717
12,6,844,7694.909
12,6,845,7704.101
12,6,846,7713.293
12,6,847,7722.485
12,6,848,7731.677
12,6,849,7740.869
12,6,850,7750.061
12,6,851,7759.253
12,6,852,7768.445
12,6,853,7777.637
12,6,854,7786.829
12,6,855,7796.021
12,6,856,7805.213
12,6,857,7814.405
12,6,858,7823.597
12,6,859,7832.789
12,6,860,7841.981
12,6,861,7851.173
12,6,862,7860.365
12,6,863,7869.557
12,6,864,7878.749
12,6,865,7887.941
12,6,866,7897.133
12,6,867,7906.325
12,6,868,7915.517
12,6,869,7924.709
12,6,870,7933.901
12,6,871,7943.093
12,6,872,7952.285
12,6,873,7961.477
12,6,874,7970.669
12,6,875,7979.862
12,6,876,7989.054
12,6,877,7998.246
12,6,878,8007.438
12,6,879,8016.630
12,6,880,8025.822
12,6,881,8035.014
12,6,882,8044.206
12,6,883,8053.398
12,6,884,8062.590
12,6,885,8071.782
12,6,886,8080.974
12,6,887,8090.166
12,6,888,8099.358
12,6,889,8108.550
12,6,890,8117.742
12,6,891,8126.934
12,6,892,8136.126
12,6,893,8145.318
12,7,894,8154.509
12,7,895,8163.700
12,7,896,8172.891
12,7,897,8182.082
12,7,898,8191.273
12,7,899,8200.464
12,7,900,8209.655
12,7,901,8218.846
12,7,902,8228.037
12,7,903,8237.228
12,7,904,8246.419
12,7,905,8255.611
12,7,906,8264.802
12,7,907,8273.993
12,7,908,8283.184
12,7,909,8292.375
12,7,910,8301.566
12,7,911,8310.757
12,7,912,8319.948
12,7,913,8329.139
12,7,914,8338.330
12,7,915,8347.521
12,7,916,8356.712
12,7,917,8365.903
12,7,918,8375.094
12,7,919,8384.285
12,7,920,8393.476
12,7,921,8402.667
12,7,922,8411.858
12,7,923,8421.049
12,7,924,8430.240
12,7,925,8439.431
12,7,926,8448.623
12,7,927,8457.814
12,7,928,8467.005
12,7,929,8476.196
12,7,930,8485.387
12,7,931,8494.578
12,7,932,8503.769
12,7,933,8512.960
12,7,934,8522.151
12,7,935,8531.342
12,7,936,8540.533
12,7,937,8549.724
12,7,938,8558.915
12,7,939,8568.106
12,7,940,8577.297
12,7,941,8586.488
12,7,942,8595.679
12,7,943,8604.870
12,7,944,8614.061
12,7,945,8623.252
12,7,946,8632.444
12,7,947,8641.635
12,7,948,8650.826
12,7,949,8660.017
12,7,950,8669.208
12,7,951,8678.399
12,7,952,8687.590
12,7,953,8696.781
12,7,954,8705.972
12,7,955,8715.163
12,7,956,8724.354
12,7,957,8733.545
12,7,958,8742.736
12,7,959,8751.927
12,7,960,8761.118
12,7,961,8770.309
12,7,962,8779.500
12,7,963,8788.691
12,7,964,8797.882
12,7,965,8807.073
12,7,966,8816.265
12,7,967,8825.456
12,7,968,8834.647
12,7,969,8843.838
12,7,970,8853.029
12,7,971,8862.220
12,7,972,8871.411
12,7,973,8880.602
12,7,974,8889.793
12,7,975,8898.984
12,7,976,8908.175
12,7,977,8917.366
12,7,978,8926.557
12,7,979,8935.748
12,7,980,8944.939
12,7,981,8954.130
12,7,982,8963.321
12,7,983,8972.512
12,7,984,8981.703
12,7,985,8990.894
12,7,986,9000.085
12,7,987,9009.277
12,7,988,9018.468
12,7,989,9027.659
12,7,990,9036.850
12,7,991,9046.041
12,7,992,9055.232
12,7,993,9064.423
12,7,994,9073.614
12,7,995,9082.805
12,7,996,9091.996
12,7,997,9101.187
12,7,998,9110.378
12,7,999,9119.569
12,7,1000,9128.760
12,7,1001,9137.951
12,7,1002,9147.142
12,7,1003,9156.333
12,7,1004,9165.524
12,7,1005,9174.715
12,7,1006,9183.906
12,7,1007,9193.098
12,7,1008,9202.289
12,7,1009,9211.480
12,7,1010,9220.671
12,7,1011,9229.862
12,7,1012,9239.053
12,7,1013,9248.244
12,7,1014,9257.435
12,7,1015,9266.626
12,7,1016,9275.817
12,7,1017,9285.008
12,7,1018,9294.199
12,7,1019,9303.390
12,7,1020,9312.581
12,7,1021,9321.772
12,7,1022,9330.963
12,7,1023,9340.154
12,7,1024,9349.345
12,7,1025,9358.536
12,7,1026,9367.727
12,7,1027,9376.919
12,7,1028,9386.110
12,7,1029,9395.301
12,7,1030,9404.492
12,7,1031,9413.683
12,7,1032,9422.874
12,7,1033,9432.065
12,7,1034,9441.256
12,7,1035,9450.447
12,7,1036,9459.638
12,7,1037,9468.829
12,7,1038,9478.020
12,7,1039,9487.211
12,7,1040,9496.402
12,7,1041,9505.593
12,8,1042,9514.786
12,8,1043,9523.982
12,8,1044,9533.177
12,8,1045,9542.373
12,8,1046,9551.568
12,8,1047,9560.764
12,8,1048,9569.959
12,8,1049,9579.155
12,8,1050,9588.350
12,8,1051,9597.546
12,8,1052,9606.742
12,8,1053,9615.937
12,8,1054,9625.133
12,8,1055,9634.328
12,8,1056,9643.524
12,8,1057,9652.719
12,8,1058,9661.915
12,8,1059,9671.110
12,8,1060,9680.306
12,8,1061,9689.502
12,8,1062,9698.697
12,8,1063,9707.893
12,8,1064,9717.088
12,8,1065,9726.284
12,8,1066,9735.479
12,8,1067,9744.675
12,8,1068,9753.870
12,8,1069,9763.066
12,8,1070,9772.262
12,8,1071,9781.457
12,8,1072,9790.653
12,8,1073,9799.848
12,8,1074,9809.044
12,8,1075,9818.239
12,8,1076,9827.435
12,8,1077,9836.630
12,8,1078,9845.826
12,8,1079,9855.022
12,8,1080,9864.217
12,8,1081,9873.413
12,8,1082,9882.608
12,8,1083,9891.804
12,8,1084,9900.999
12,8,1085,9910.195
12,8,1086,9919.390
12,8,1087,9928.586
12,8,1088,9937.782
12,8,1089,9946.977
12,8,1090,9956.173
12,8,1091,9965.368
12,8,1092,9974.564
12,8,1093,9983.759
12,8,1094,9992.955
12,8,1095,10002.150
12,8,1096,10011.346
12,8,1097,10020.542
12,8,1098,10029.737
12,8,1099,10038.933
12,8,1100,10048.128
12,8,1101,10057.324
12,8,1102,10066.519
12,8,1103,10075.715
12,8,1104,10084.910
12,8,1105,10094.106
12,8,1106,10103.302
12,8,1107,10112.497
12,8,1108,10121.693
12,8,1109,10130.888
12,8,1110,10140.084
12,8,1111,10149.279
12,8,1112,10158.475
12,8,1113,10167.670
12,8,1114,10176.866
12,8,1115,10186.062
12,8,1116,10195.257
12,8,1117,10204.453
12,8,1118,10213.648
12,8,1119,10222.844
12,8,1120,10232.039
12,8,1121,10241.235
12,8,1122,10250.430
12,8,1123,10259.626
12,8,1124,10268.822
12,8,1125,10278.017
12,8,1126,10287.213
12,8,1127,10296.408
12,8,1128,10305.604
12,8,1129,10314.799
12,8,1130,10323.995
12,8,1131,10333.190
12,8,1132,10342.386
12,8,1133,10351.582
12,8,1134,10360.777
12,8,1135,10369.973
12,8,1136,10379.168
12,8,1137,10388.364
12,8,1138,10397.559
12,8,1139,10406.755
12,8,1140,10415.950
12,8,1141,10425.146
12,8,1142,10434.342
12,8,1143,10443.537
12,8,1144,10452.733
12,8,1145,10461.928
12,8,1146,10471.124
12,8,1147,10480.319
12,8,1148,10489.515
12,8,1149,10498.710
12,8,1150,10507.906
12,8,1151,10517.102
12,8,1152,10526.297
12,8,1153,10535.493
12,8,1154,10544.688
12,8,1155,10553.884
12,8,1156,10563.079
12,8,1157,10572.275
12,8,1158,10581.470
12,8,1159,10590.666
12,8,1160,10599.862
12,8,1161,10609.057
12,8,1162,10618.253
12,8,1163,10627.448
12,8,1164,10636.644
12,8,1165,10645.839
12,8,1166,10655.035
12,8,1167,10664.230
12,8,1168,10673.426
12,8,1169,10682.622
12,8,1170,10691.817
12,8,1171,10701.013
12,8,1172,10710.208
12,8,1173,10719.404
12,8,1174,10728.599
12,8,1175,10737.795
12,8,1176,10746.990
12,8,1177,10756.186
12,8,1178,10765.382
12,8,1179,10774.577
12,8,1180,10783.773
12,8,1181,10792.968
12,8,1182,10802.164
12,8,1183,10811.359
12,8,1184,10820.555
12,8,1185,10829.750
12,8,1186,10838.946
12,8,1187,10848.142
12,8,1188,10857.337
12,8,1189,10866.533
12,8,1190,10875.728
12,8,1191,10884.924
