10,1,0,13.778
10,1,1,17.159
10,1,2,20.875
10,1,3,24.916
10,1,4,29.272
10,1,5,33.934
10,1,6,38.892
10,1,7,44.135
10,1,8,49.653
10,1,9,55.437
10,1,10,61.476
10,1,11,67.761
10,1,12,74.281
10,1,13,81.045
10,1,14,88.036
10,1,15,95.233
10,1,16,102.625
10,1,17,110.203
10,1,18,117.957
10,1,19,125.877
10,1,20,133.952
10,1,21,142.173
10,1,22,150.529
10,1,23,159.012
10,1,24,167.610
10,1,25,176.313
10,1,26,185.113
10,1,27,193.999
10,1,28,202.960
10,1,29,211.987
10,1,30,221.070
10,1,31,230.199
10,1,32,239.364
10,1,33,248.557
10,1,34,257.766
10,1,35,266.999
10,1,36,276.215
10,1,37,285.431
10,1,38,294.646
10,1,39,303.862
10,1,40,313.078
10,1,41,322.293
10,1,42,331.509
10,1,43,340.725
10,1,44,349.940
10,1,45,359.156
10,1,46,368.372
10,1,47,377.587
10,1,48,386.803
10,1,49,396.019
10,1,50,405.235
10,1,51,414.450
10,1,52,423.666
10,1,53,432.882
10,1,54,442.097
10,1,55,451.313
10,1,56,460.529
10,1,57,469.744
10,1,58,478.960
10,1,59,488.176
10,1,60,497.392
10,1,61,506.607
10,1,62,515.823
10,1,63,525.039
10,1,64,534.254
10,1,65,543.470
10,1,66,552.686
10,1,67,561.871
10,1,68,571.057
10,1,69,580.243
10,1,70,589.429
10,1,71,598.614
10,1,72,607.800
10,1,73,616.986
10,1,74,626.172
10,1,75,635.357
10,1,76,644.543
10,1,77,653.729
10,1,78,662.915
10,1,79,672.100
10,1,80,681.286
10,1,81,690.472
10,1,82,699.657
10,1,83,708.843
10,1,84,718.029
10,1,85,727.215
10,1,86,736.398
10,1,87,745.582
10,1,88,754.766
10,1,89,763.950
10,1,90,773.133
10,1,91,782.317
10,1,92,791.501
10,1,93,800.684
10,1,94,809.868
10,1,95,819.052
10,1,96,828.235
10,1,97,837.419
10,1,98,846.603
10,1,99,855.787
10,1,100,864.970
10,1,101,874.154
10,1,102,883.338
10,1,103,892.521
10,1,104,901.705
10,1,105,910.889
10,1,106,920.073
10,1,107,929.256
10,1,108,938.440
10,1,109,947.624
10,1,110,956.807
10,1,111,965.991
10,1,112,975.175
10,1,113,984.358
10,1,114,993.542
10,1,115,1002.726
10,1,116,1011.910
10,1,117,1021.093
10,1,118,1030.277
10,1,119,1039.461
10,1,120,1048.644
10,1,121,1057.828
10,1,122,1067.012
10,1,123,1076.195
10,1,124,1085.379
10,1,125,1094.563
10,1,126,1103.747
10,1,127,1112.930
10,1,128,1122.114
10,1,129,1131.298
10,1,130,1140.481
10,1,131,1149.665
10,1,132,1158.849
10,1,133,1168.033
10,1,134,1177.216
10,1,135,1186.400
10,1,136,1195.584
10,1,137,1204.767
10,1,138,1213.951
10,1,139,1223.135
10,1,140,1232.318
10,2,141,1241.507
10,2,142,1250.697
10,2,143,1259.886
10,2,144,1269.076
10,2,145,1278.266
10,2,146,1287.455
10,2,147,1296.645
10,2,148,1305.835
10,2,149,1315.024
10,2,150,1324.214
10,2,151,1333.404
10,2,152,1342.593
10,2,153,1351.783
10,2,154,1360.973
10,2,155,1370.162
10,2,156,1379.352
10,2,157,1388.542
10,2,158,1397.731
10,2,159,1406.921
10,2,160,1416.111
10,2,161,1425.301
10,2,162,1434.490
10,2,163,1443.680
10,2,164,1452.870
10,2,165,1462.059
10,2,166,1471.249
10,2,167,1480.439
10,2,168,1489.628
10,2,169,1498.818
10,2,170,1508.008
10,2,171,1517.197
10,2,172,1526.387
10,2,173,1535.577
10,2,174,1544.766
10,2,175,1553.956
10,2,176,1563.146
10,2,177,1572.335
10,2,178,1581.525
10,2,179,1590.715
10,2,180,1599.904
10,2,181,1609.094
10,2,182,1618.284
10,2,183,1627.473
10,2,184,1636.663
10,2,185,1645.853
10,2,186,1655.042
10,2,187,1664.232
10,2,188,1673.422
10,2,189,1682.611
10,2,190,1691.801
10,2,191,1700.991
10,2,192,1710.180
10,2,193,1719.370
10,2,194,1728.560
10,2,195,1737.750
10,2,196,1746.939
10,2,197,1756.129
10,2,198,1765.319
10,2,199,1774.508
10,2,200,1783.698
10,2,201,1792.888
10,2,202,1802.077
10,2,203,1811.267
10,2,204,1820.457
10,2,205,1829.646
10,2,206,1838.836
10,2,207,1848.026
10,2,208,1857.215
10,2,209,1866.405
10,2,210,1875.595
10,2,211,1884.784
10,2,212,1893.974
10,2,213,1903.164
10,2,214,1912.353
10,2,215,1921.543
10,2,216,1930.733
10,2,217,1939.922
10,2,218,1949.112
10,2,219,1958.302
10,2,220,1967.491
10,2,221,1976.681
10,2,222,1985.871
10,2,223,1995.060
10,2,224,2004.250
10,2,225,2013.440
10,2,226,2022.630
10,2,227,2031.819
10,2,228,2041.009
10,2,229,2050.199
10,2,230,2059.388
10,2,231,2068.578
10,2,232,2077.768
10,2,233,2086.957
10,2,234,2096.147
10,2,235,2105.337
10,2,236,2114.526
10,2,237,2123.716
10,2,238,2132.906
10,2,239,2142.095
10,2,240,2151.285
10,2,241,2160.475
10,2,242,2169.664
10,2,243,2178.854
10,2,244,2188.044
10,2,245,2197.233
10,2,246,2206.423
10,2,247,2215.613
10,2,248,2224.802
10,2,249,2233.992
10,2,250,2243.182
10,2,251,2252.371
10,2,252,2261.561
10,2,253,2270.751
10,2,254,2279.940
10,2,255,2289.130
10,2,256,2298.320
10,2,257,2307.509
10,2,258,2316.699
10,2,259,2325.889
10,2,260,2335.079
10,2,261,2344.268
10,2,262,2353.458
10,2,263,2362.648
10,2,264,2371.837
10,2,265,2381.027
10,2,266,2390.217
10,2,267,2399.406
10,2,268,2408.596
10,2,269,2417.786
10,2,270,2426.975
10,2,271,2436.165
10,2,272,2445.355
10,2,273,2454.544
10,2,274,2463.734
10,2,275,2472.924
10,2,276,2482.113
10,2,277,2491.303
10,2,278,2500.493
10,2,279,2509.682
10,2,280,2518.872
10,2,281,2528.062
10,2,282,2537.251
10,2,283,2546.441
10,2,284,2555.631
10,2,285,2564.820
10,2,286,2574.010
10,2,287,2583.200
10,2,288,2592.389
10,2,289,2601.579
10,3,290,2610.774
10,3,291,2619.968
10,3,292,2629.163
10,3,293,2638.357
10,3,294,2647.552
10,3,295,2656.746
10,3,296,2665.941
10,3,297,2675.135
10,3,298,2684.330
10,3,299,2693.524
10,3,300,2702.719
10,3,301,2711.913
10,3,302,2721.108
10,3,303,2730.302
10,3,304,2739.497
10,3,305,2748.691
10,3,306,2757.886
10,3,307,2767.080
10,3,308,2776.274
10,3,309,2785.469
10,3,310,2794.663
10,3,311,2803.858
10,3,312,2813.052
10,3,313,2822.247
10,3,314,2831.441
10,3,315,2840.636
10,3,316,2849.830
10,3,317,2859.025
10,3,318,2868.219
10,3,319,2877.414
10,3,320,2886.608
10,3,321,2895.803
10,3,322,2904.997
10,3,323,2914.192
10,3,324,2923.387
10,3,325,2932.583
10,3,326,2941.778
10,3,327,2950.974
10,3,328,2960.169
10,3,329,2969.364
10,3,330,2978.560
10,3,331,2987.755
10,3,332,2996.951
10,3,333,3006.146
10,3,334,3015.342
10,3,335,3024.537
10,3,336,3033.732
10,3,337,3042.928
10,3,338,3052.123
10,3,339,3061.319
10,3,340,3070.514
10,3,341,3079.710
10,3,342,3088.905
10,3,343,3098.101
10,3,344,3107.296
10,3,345,3116.491
10,3,346,3125.687
10,3,347,3134.882
10,3,348,3144.078
10,3,349,3153.273
10,3,350,3162.469
10,3,351,3171.664
10,3,352,3180.859
10,3,353,3190.055
10,3,354,3199.250
10,3,355,3208.446
10,3,356,3217.641
10,3,357,3226.837
10,3,358,3236.032
10,3,359,3245.227
10,3,360,3254.423
10,3,361,3263.618
10,3,362,3272.814
10,3,363,3282.009
10,3,364,3291.205
10,3,365,3300.400
10,3,366,3309.595
10,3,367,3318.791
10,3,368,3327.986
10,3,369,3337.182
10,3,370,3346.377
10,3,371,3355.573
10,3,372,3364.768
10,3,373,3373.963
10,3,374,3383.159
10,3,375,3392.353
10,3,376,3401.548
10,3,377,3410.742
10,3,378,3419.937
10,3,379,3429.131
10,3,380,3438.326
10,3,381,3447.520
10,3,382,3456.715
10,3,383,3465.909
10,3,384,3475.104
10,3,385,3484.298
10,3,386,3493.493
10,3,387,3502.687
10,3,388,3511.882
10,3,389,3521.076
10,3,390,3530.271
10,3,391,3539.465
10,3,392,3548.660
10,3,393,3557.854
10,3,394,3567.049
10,3,395,3576.243
10,3,396,3585.438
10,3,397,3594.632
10,3,398,3603.827
10,3,399,3613.021
10,3,400,3622.216
10,3,401,3631.410
10,3,402,3640.605
10,3,403,3649.799
10,3,404,3658.994
10,3,405,3668.188
10,3,406,3677.383
10,3,407,3686.577
10,3,408,3695.772
10,3,409,3704.966
10,3,410,3714.161
10,3,411,3723.355
10,3,412,3732.550
10,3,413,3741.744
10,3,414,3750.939
10,3,415,3760.133
10,3,416,3769.328
10,3,417,3778.522
10,3,418,3787.717
10,3,419,3796.911
10,3,420,3806.106
10,3,421,3815.300
10,3,422,3824.494
10,3,423,3833.689
10,3,424,3842.883
10,3,425,3852.078
10,3,426,3861.272
10,3,427,3870.467
10,3,428,3879.661
10,3,429,3888.856
10,3,430,3898.050
10,3,431,3907.245
10,3,432,3916.439
10,3,433,3925.634
10,3,434,3934.828
10,3,435,3944.023
10,3,436,3953.217
10,3,437,3962.412
10,4,438,3971.608
10,4,439,3980.807
10,4,440,3990.006
10,4,441,3999.204
10,4,442,4008.403
10,4,443,4017.602
10,4,444,4026.801
10,4,445,4035.999
10,4,446,4045.198
10,4,447,4054.397
10,4,448,4063.596
10,4,449,4072.794
10,4,450,4081.993
10,4,451,4091.192
10,4,452,4100.391
10,4,453,4109.589
10,4,454,4118.788
10,4,455,4127.987
10,4,456,4137.186
10,4,457,4146.385
10,4,458,4155.583
10,4,459,4164.782
10,4,460,4173.981
10,4,461,4183.180
10,4,462,4192.378
10,4,463,4201.577
10,4,464,4210.776
10,4,465,4219.975
10,4,466,4229.173
10,4,467,4238.372
10,4,468,4247.571
10,4,469,4256.770
10,4,470,4265.968
10,4,471,4275.167
10,4,472,4284.366
10,4,473,4293.565
10,4,474,4302.763
10,4,475,4311.962
10,4,476,4321.161
10,4,477,4330.360
10,4,478,4339.559
10,4,479,4348.757
10,4,480,4357.956
10,4,481,4367.155
10,4,482,4376.354
10,4,483,4385.552
10,4,484,4394.751
10,4,485,4403.950
10,4,486,4413.149
10,4,487,4422.347
10,4,488,4431.546
10,4,489,4440.745
10,4,490,4449.944
10,4,491,4459.142
10,4,492,4468.341
10,4,493,4477.540
10,4,494,4486.739
10,4,495,4495.937
10,4,496,4505.136
10,4,497,4514.335
10,4,498,4523.534
10,4,499,4532.733
10,4,500,4541.931
10,4,501,4551.130
10,4,502,4560.329
10,4,503,4569.528
10,4,504,4578.726
10,4,505,4587.925
10,4,506,4597.124
10,4,507,4606.323
10,4,508,4615.521
10,4,509,4624.720
10,4,510,4633.919
10,4,511,4643.118
10,4,512,4652.316
10,4,513,4661.515
10,4,514,4670.714
10,4,515,4679.913
10,4,516,4689.111
10,4,517,4698.310
10,4,518,4707.509
10,4,519,4716.708
10,4,520,4725.907
10,4,521,4735.105
10,4,522,4744.304
10,4,523,4753.503
10,4,524,4762.702
10,4,525,4771.900
10,4,526,4781.099
10,4,527,4790.298
10,4,528,4799.497
10,4,529,4808.695
10,4,530,4817.894
10,4,531,4827.093
10,4,532,4836.292
10,4,533,4845.490
10,4,534,4854.689
10,4,535,4863.888
10,4,536,4873.087
10,4,537,4882.285
10,4,538,4891.484
10,4,539,4900.683
10,4,540,4909.882
10,4,541,4919.080
10,4,542,4928.279
10,4,543,4937.478
10,4,544,4946.677
10,4,545,4955.876
10,4,546,4965.074
10,4,547,4974.273
10,4,548,4983.472
10,4,549,4992.671
10,4,550,5001.869
10,4,551,5011.068
10,4,552,5020.267
10,4,553,5029.466
10,4,554,5038.664
10,4,555,5047.863
10,4,556,5057.062
10,4,557,5066.261
10,4,558,5075.459
10,4,559,5084.658
10,4,560,5093.857
10,4,561,5103.056
10,4,562,5112.254
10,4,563,5121.453
10,4,564,5130.652
10,4,565,5139.851
10,4,566,5149.050
10,4,567,5158.248
10,4,568,5167.447
10,4,569,5176.646
10,4,570,5185.845
10,4,571,5195.043
10,4,572,5204.242
10,4,573,5213.441
10,4,574,5222.640
10,4,575,5231.838
10,4,576,5241.037
10,4,577,5250.236
10,4,578,5259.435
10,4,579,5268.633
10,4,580,5277.832
10,4,581,5287.031
10,4,582,5296.230
10,4,583,5305.428
10,4,584,5314.627
10,4,585,5323.826
10,4,586,5333.025
10,5,587,5342.225
10,5,588,5351.427
10,5,589,5360.629
10,5,590,5369.831
10,5,591,5379.033
10,5,592,5388.235
10,5,593,5397.438
10,5,594,5406.640
10,5,595,5415.842
10,5,596,5425.044
10,5,597,5434.246
10,5,598,5443.448
10,5,599,5452.650
10,5,600,5461.852
10,5,601,5471.054
10,5,602,5480.256
10,5,603,5489.458
10,5,604,5498.660
10,5,605,5507.862
10,5,606,5517.064
10,5,607,5526.266
10,5,608,5535.468
10,5,609,5544.671
10,5,610,5553.873
10,5,611,5563.075
10,5,612,5572.277
10,5,613,5581.479
10,5,614,5590.681
10,5,615,5599.883
10,5,616,5609.085
10,5,617,5618.287
10,5,618,5627.489
10,5,619,5636.691
10,5,620,5645.893
10,5,621,5655.095
10,5,622,5664.297
10,5,623,5673.499
10,5,624,5682.701
10,5,625,5691.904
10,5,626,5701.106
10,5,627,5710.308
10,5,628,5719.510
10,5,629,5728.712
10,5,630,5737.914
10,5,631,5747.116
10,5,632,5756.318
10,5,633,5765.520
10,5,634,5774.722
10,5,635,5783.924
10,5,636,5793.126
10,5,637,5802.328
10,5,638,5811.530
10,5,639,5820.732
10,5,640,5829.934
10,5,641,5839.137
10,5,642,5848.339
10,5,643,5857.541
10,5,644,5866.743
10,5,645,5875.945
10,5,646,5885.147
10,5,647,5894.349
10,5,648,5903.551
10,5,649,5912.753
10,5,650,5921.955
10,5,651,5931.157
10,5,652,5940.359
10,5,653,5949.561
10,5,654,5958.763
10,5,655,5967.965
10,5,656,5977.167
10,5,657,5986.370
10,5,658,5995.572
10,5,659,6004.774
10,5,660,6013.976
10,5,661,6023.178
10,5,662,6032.380
10,5,663,6041.582
10,5,664,6050.784
10,5,665,6059.986
10,5,666,6069.188
10,5,667,6078.390
10,5,668,6087.592
10,5,669,6096.794
10,5,670,6105.996
10,5,671,6115.198
10,5,672,6124.400
10,5,673,6133.602
10,5,674,6142.805
10,5,675,6152.007
10,5,676,6161.209
10,5,677,6170.411
10,5,678,6179.613
10,5,679,6188.815
10,5,680,6198.017
10,5,681,6207.219
10,5,682,6216.421
10,5,683,6225.623
10,5,684,6234.825
10,5,685,6244.027
10,5,686,6253.229
10,5,687,6262.431
10,5,688,6271.633
10,5,689,6280.835
10,5,690,6290.038
10,5,691,6299.240
10,5,692,6308.442
10,5,693,6317.644
10,5,694,6326.846
10,5,695,6336.048
10,5,696,6345.250
10,5,697,6354.452
10,5,698,6363.654
10,5,699,6372.856
10,5,700,6382.058
10,5,701,6391.260
10,5,702,6400.462
10,5,703,6409.664
10,5,704,6418.866
10,5,705,6428.068
10,5,706,6437.271
10,5,707,6446.473
10,5,708,6455.675
10,5,709,6464.877
10,5,710,6474.079
10,5,711,6483.281
10,5,712,6492.483
10,5,713,6501.685
10,5,714,6510.887
10,5,715,6520.089
10,5,716,6529.291
10,5,717,6538.493
10,5,718,6547.695
10,5,719,6556.897
10,5,720,6566.099
10,5,721,6575.301
10,5,722,6584.504
10,5,723,6593.706
10,5,724,6602.908
10,5,725,6612.110
10,5,726,6621.312
10,5,727,6630.514
10,5,728,6639.716
10,5,729,6648.918
10,5,730,6658.120
10,5,731,6667.322
10,5,732,6676.524
10,5,733,6685.726
10,5,734,6694.928
10,5,735,6704.130
10,6,736,6713.334
10,6,737,6722.539
10,6,738,6731.743
10,6,739,6740.947
10,6,740,6750.152
10,6,741,6759.356
10,6,742,6768.560
10,6,743,6777.765
10,6,744,6786.969
10,6,745,6796.173
10,6,746,6805.378
10,6,747,6814.582
10,6,748,6823.786
10,6,749,6832.991
10,6,750,6842.195
10,6,751,6851.399
10,6,752,6860.604
10,6,753,6869.808
10,6,754,6879.012
10,6,755,6888.217
10,6,756,6897.421
10,6,757,6906.626
10,6,758,6915.830
10,6,759,6925.034
10,6,760,6934.239
10,6,761,6943.443
10,6,762,6952.647
10,6,763,6961.852
10,6,764,6971.056
10,6,765,6980.260
10,6,766,6989.465
10,6,767,6998.669
10,6,768,7007.873
10,6,769,7017.078
10,6,770,7026.282
10,6,771,7035.486
10,6,772,7044.691
10,6,773,7053.895
10,6,774,7063.099
10,6,775,7072.304
10,6,776,7081.508
10,6,777,7090.712
10,6,778,7099.917
10,6,779,7109.121
10,6,780,7118.325
10,6,781,7127.530
10,6,782,7136.734
10,6,783,7145.938
10,6,784,7155.143
10,6,785,7164.347
10,6,786,7173.551
10,6,787,7182.756
10,6,788,7191.960
10,6,789,7201.164
10,6,790,7210.369
10,6,791,7219.573
10,6,792,7228.777
10,6,793,7237.982
10,6,794,7247.186
10,6,795,7256.390
10,6,796,7265.595
10,6,797,7274.799
10,6,798,7284.003
10,6,799,7293.208
10,6,800,7302.412
10,6,801,7311.616
10,6,802,7320.821
10,6,803,7330.025
10,6,804,7339.229
10,6,805,7348.434
10,6,806,7357.638
10,6,807,7366.842
10,6,808,7376.047
10,6,809,7385.251
10,6,810,7394.455
10,6,811,7403.660
10,6,812,7412.864
10,6,813,7422.068
10,6,814,7431.273
10,6,815,7440.477
10,6,816,7449.681
10,6,817,7458.886
10,6,818,7468.090
10,6,819,7477.294
10,6,820,7486.499
10,6,821,7495.703
10,6,822,7504.907
10,6,823,7514.112
10,6,824,7523.316
10,6,825,7532.520
10,6,826,7541.725
10,6,827,7550.929
10,6,828,7560.133
10,6,829,7569.338
10,6,830,7578.542
10,6,831,7587.746
10,6,832,7596.951
10,6,833,7606.155
10,6,834,7615.359
10,6,835,7624.564
10,6,836,7633.768
10,6,837,7642.972
10,6,838,7652.177
10,6,839,7661.381
10,6,840,7670.585
10,6,841,7679.790
10,6,842,7688.994
10,6,843,7698.198
10,6,844,7707.403
10,6,845,7716.607
10,6,846,7725.812
10,6,847,7735.016
10,6,848,7744.220
10,6,849,7753.425
10,6,850,7762.629
10,6,851,7771.833
10,6,852,7781.038
10,6,853,7790.242
10,6,854,7799.446
10,6,855,7808.651
10,6,856,7817.855
10,6,857,7827.059
10,6,858,7836.264
10,6,859,7845.468
10,6,860,7854.672
10,6,861,7863.877
10,6,862,7873.081
10,6,863,7882.285
10,6,864,7891.490
10,6,865,7900.694
10,6,866,7909.898
10,6,867,7919.103
10,6,868,7928.307
10,6,869,7937.511
10,6,870,7946.716
10,6,871,7955.920
10,6,872,7965.124
10,6,873,7974.329
10,6,874,7983.533
10,6,875,7992.737
10,6,876,8001.942
10,6,877,8011.146
10,6,878,8020.350
10,6,879,8029.555
10,6,880,8038.759
10,6,881,8047.963
10,6,882,8057.168
10,6,883,8066.372
10,6,884,8075.576
10,7,885,8084.782
10,7,886,8093.987
10,7,887,8103.193
10,7,888,8112.398
10,7,889,8121.604
10,7,890,8130.810
10,7,891,8140.015
10,7,892,8149.221
10,7,893,8158.426
10,7,894,8167.632
10,7,895,8176.838
10,7,896,8186.043
10,7,897,8195.249
10,7,898,8204.454
10,7,899,8213.660
10,7,900,8222.865
10,7,901,8232.071
10,7,902,8241.277
10,7,903,8250.482
10,7,904,8259.688
10,7,905,8268.893
10,7,906,8278.099
10,7,907,8287.305
10,7,908,8296.510
10,7,909,8305.716
10,7,910,8314.921
10,7,911,8324.127
10,7,912,8333.332
10,7,913,8342.538
10,7,914,8351.744
10,7,915,8360.949
10,7,916,8370.155
10,7,917,8379.360
10,7,918,8388.566
10,7,919,8397.772
10,7,920,8406.977
10,7,921,8416.183
10,7,922,8425.388
10,7,923,8434.594
10,7,924,8443.800
10,7,925,8453.005
10,7,926,8462.211
10,7,927,8471.416
10,7,928,8480.622
10,7,929,8489.827
10,7,930,8499.033
10,7,931,8508.239
10,7,932,8517.444
10,7,933,8526.650
10,7,934,8535.855
10,7,935,8545.061
10,7,936,8554.267
10,7,937,8563.472
10,7,938,8572.678
10,7,939,8581.883
10,7,940,8591.089
10,7,941,8600.294
10,7,942,8609.500
10,7,943,8618.706
10,7,944,8627.911
10,7,945,8637.117
10,7,946,8646.322
10,7,947,8655.528
10,7,948,8664.734
10,7,949,8673.939
10,7,950,8683.145
10,7,951,8692.350
10,7,952,8701.556
10,7,953,8710.761
10,7,954,8719.967
10,7,955,8729.173
10,7,956,8738.378
10,7,957,8747.584
10,7,958,8756.789
10,7,959,8765.995
10,7,960,8775.201
10,7,961,8784.406
10,7,962,8793.612
10,7,963,8802.817
10,7,964,8812.023
10,7,965,8821.229
10,7,966,8830.434
10,7,967,8839.640
10,7,968,8848.845
10,7,969,8858.051
10,7,970,8867.256
10,7,971,8876.462
10,7,972,8885.668
10,7,973,8894.873
10,7,974,8904.079
10,7,975,8913.284
10,7,976,8922.490
10,7,977,8931.696
10,7,978,8940.901
10,7,979,8950.107
10,7,980,8959.312
10,7,981,8968.518
10,7,982,8977.723
10,7,983,8986.929
10,7,984,8996.135
10,7,985,9005.340
10,7,986,9014.546
10,7,987,9023.751
10,7,988,9032.957
10,7,989,9042.163
10,7,990,9051.368
10,7,991,9060.574
10,7,992,9069.779
10,7,993,9078.985
10,7,994,9088.191
10,7,995,9097.396
10,7,996,9106.602
10,7,997,9115.807
10,7,998,9125.013
10,7,999,9134.218
10,7,1000,9143.424
10,7,1001,9152.630
10,7,1002,9161.835
10,7,1003,9171.041
10,7,1004,9180.246
10,7,1005,9189.452
10,7,1006,9198.658
10,7,1007,9207.863
10,7,1008,9217.069
10,7,1009,9226.274
10,7,1010,9235.480
10,7,1011,9244.685
10,7,1012,9253.891
10,7,1013,9263.097
10,7,1014,9272.302
10,7,1015,9281.508
10,7,1016,9290.713
10,7,1017,9299.919
10,7,1018,9309.125
10,7,1019,9318.330
10,7,1020,9327.536
10,7,1021,9336.741
10,7,1022,9345.947
10,7,1023,9355.153
10,7,1024,9364.358
10,7,1025,9373.564
10,7,1026,9382.769
10,7,1027,9391.975
10,7,1028,9401.180
10,7,1029,9410.386
10,7,1030,9419.592
10,7,1031,9428.797
10,7,1032,9438.003
10,8,1033,9447.209
10,8,1034,9456.421
10,8,1035,9465.632
10,8,1036,9474.843
10,8,1037,9484.054
10,8,1038,9493.265
10,8,1039,9502.476
10,8,1040,9511.687
10,8,1041,9520.898
10,8,1042,9530.109
10,8,1043,9539.321
10,8,1044,9548.532
10,8,1045,9557.743
10,8,1046,9566.954
10,8,1047,9576.165
10,8,1048,9585.376
10,8,1049,9594.587
10,8,1050,9603.798
10,8,1051,9613.009
10,8,1052,9622.220
10,8,1053,9631.432
10,8,1054,9640.643
10,8,1055,9649.854
10,8,1056,9659.065
10,8,1057,9668.276
10,8,1058,9677.487
10,8,1059,9686.698
10,8,1060,9695.909
10,8,1061,9705.120
10,8,1062,9714.331
10,8,1063,9723.543
10,8,1064,9732.754
10,8,1065,9741.965
10,8,1066,9751.176
10,8,1067,9760.387
10,8,1068,9769.598
10,8,1069,9778.809
10,8,1070,9788.020
10,8,1071,9797.231
10,8,1072,9806.443
10,8,1073,9815.654
10,8,1074,9824.865
10,8,1075,9834.076
10,8,1076,9843.287
10,8,1077,9852.498
10,8,1078,9861.709
10,8,1079,9870.920
10,8,1080,9880.131
10,8,1081,9889.342
10,8,1082,9898.554
10,8,1083,9907.765
10,8,1084,9916.976
10,8,1085,9926.187
10,8,1086,9935.398
10,8,1087,9944.609
10,8,1088,9953.820
10,8,1089,9963.031
10,8,1090,9972.242
10,8,1091,9981.454
10,8,1092,9990.665
10,8,1093,9999.876
10,8,1094,10009.087
10,8,1095,10018.298
10,8,1096,10027.509
10,8,1097,10036.720
10,8,1098,10045.931
10,8,1099,10055.142
10,8,1100,10064.353
10,8,1101,10073.565
10,8,1102,10082.776
10,8,1103,10091.987
10,8,1104,10101.198
10,8,1105,10110.409
10,8,1106,10119.620
10,8,1107,10128.831
10,8,1108,10138.042
10,8,1109,10147.253
10,8,1110,10156.464
10,8,1111,10165.676
10,8,1112,10174.887
10,8,1113,10184.098
10,8,1114,10193.309
10,8,1115,10202.520
10,8,1116,10211.731
10,8,1117,10220.942
10,8,1118,10230.153
10,8,1119,10239.364
10,8,1120,10248.576
10,8,1121,10257.787
10,8,1122,10266.998
10,8,1123,10276.209
10,8,1124,10285.420
10,8,1125,10294.631
10,8,1126,10303.842
10,8,1127,10313.053
10,8,1128,10322.264
10,8,1129,10331.475
10,8,1130,10340.687
10,8,1131,10349.898
10,8,1132,10359.109
10,8,1133,10368.320
10,8,1134,10377.531
10,8,1135,10386.742
10,8,1136,10395.953
10,8,1137,10405.164
10,8,1138,10414.375
10,8,1139,10423.587
10,8,1140,10432.798
10,8,1141,10442.009
10,8,1142,10451.220
10,8,1143,10460.431
10,8,1144,10469.642
10,8,1145,10478.853
10,8,1146,10488.064
10,8,1147,10497.275
10,8,1148,10506.486
10,8,1149,10515.698
10,8,1150,10524.909
10,8,1151,10534.120
10,8,1152,10543.331
10,8,1153,10552.542
10,8,1154,10561.753
10,8,1155,10570.964
10,8,1156,10580.175
10,8,1157,10589.386
10,8,1158,10598.597
10,8,1159,10607.809
10,8,1160,10617.020
10,8,1161,10626.231
10,8,1162,10635.442
10,8,1163,10644.653
10,8,1164,10653.864
10,8,1165,10663.075
10,8,1166,10672.286
10,8,1167,10681.497
10,8,1168,10690.709
10,8,1169,10699.920
10,8,1170,10709.131
10,8,1171,10718.342
10,8,1172,10727.553
10,8,1173,10736.764
10,8,1174,10745.975
10,8,1175,10755.187
10,8,1176,10764.398
10,8,1177,10773.609
10,8,1178,10782.821
10,8,1179,10792.032
10,8,1180,10801.243
